3193699
405707375
501121736
998853360
1
1
1
1
1
1
1
1
1
1
1
1
1
1
1
255160786
293080864
474368698
9346465
87842801
316371801
326420101
176404485
268501055
50979445
275275543
171821608
636735512
619336
830953987
580813260
274029561
790189431
513166403
255880245
46836864
141471852
455685226
383788566
292887914
428702972
389673022
351486882
87757932
98063591
799069868
299724420
27610873
68258192
49850432
72159675
613954632
402983787
98848937
607466579
64328434
14262831
813817779
19273737
387983017
434840071
185124789
516092510
155674130
35037553
254670591
188380527
101536808
323092073
253921927
849133188
566158741
287244143
149
149
149
149
149
149
492493954
233339023
181835459
648476712
49739553
29044783
265115111
491359311
366538944
485521182
394200064
71766987
378496839
648867463
324367524
45559882
67079564
187953356
551940677
129168166
258682669
572183667
402221622
248099727
286382926
273031200
411539625
328099426
265867049
703217306
414659763
78145203
324334702
729042237
220193723
276963416
216792109
687721380
864649268
859752966
838048429
359061599
412446671
136639262
123295683
12886983
694953681
806253509
243520409
448937320
257657467
282601746
232989585
25400066
564449118
233672112
622347758
728966425
201898841
617913538
84898348
104934235
648850497
302157583
345239738
462703223
99369275
405695943
172324058
651053004
72414271
161195858
365176008
510973039
29242655
364937220
410934813
57256675
330390468
767303151
45980838
154452182
552724284
177892041
813143891
603662146
21537740
238973888
322793287
382546180
436940920
788221266
35482275
85972254
700751607
167852133
770200726
448346560
527598659
413260253
201620265
735342939
517801976
354822567
570291935
94659916
620512754
166165380
117546923
138525901
84233499
766180049
683948101
266824313
350068223
485918539
433721230
495027403
541029963
95539747
140297919
190082529
625761076
31809873
128961477
105884497
294772079
127862355
52330885
260871830
503516481
183500946
483874533
100756343
3041119
3041119
3041119
3041119
3041119
3041119
3041119
3041119
3041119
3041119
3041119
3041119
3041119
3041119
3041119
3041119
251269534
222303912
747113900
34112943
151938142
345083582
123246346
183812110
15425111
572374726
99599342
560271739
11669560
129683545
548477102
510876562
85375274
159529617
200529802
167545646
498577949
755000286
468783008
192292598
139027471
804285983
924866988
358127043
407666292
786377412
850090483
3041119
1
3041119
1
1
1
1
1
1
1
264760911
507696578
567315693
91102543
402821939
711007260
208615586
170091046
823889537
472377485
182137804
181042826
510770352
861910478
704286559
473660844
541585546
24515441
810729028
929193387
876995302
265607173
5740856
376088546
63753289
408986151
435678755
970196781
718041630
607814702
543804874
281533597
196017262
153416198
399433454
828575706
80188190
755948357
421649663
119858021
665727806
46485060
149
149
149
149
149
149
149
149
149
149
149
149
149
149
714603234
246147529
315419960
81210577
248951911
527692302
252517122
203860765
495126781
12109459
174153085
70074726
386472476
374770380
348172461
488371941
400228522
33551892
7198826
527381677
337462686
288153744
376748656
230551339
308237548
292559652
378565721
26106899
722010977
31158125
355248032
230895006
702956705
129196502
647739999
263886860
851579528
149
149
149
149
149
149
149
149
149
149
149
149
149
507199555
198505332
106357178
108291805
612443346
313607410
35660513
116056817
249649411
358316220
295272518
24487910
559620994
16197310
666402605
565505026
13562136
81871212
211988143
629687706
616999930
80004311
138555282
331243286
20789316
574638469
268690765
414700276
115183088
401063084
442308236
96708547
17040601
167511533
422346684
160304089
867901626
672435124
184322554
864108450
104866513
362413453
306152411
522097000
578582961
465872934
141807695
733064779
804469346
610514610
127632722
129867553
356281390
334865
858643863
269650262
327630973
797512727
927187584
808405100
421038470
21142798
447892226
66817486
11
11
11
11
11
11
11
11
11
11
11
11
11
83121231
515032895
190165325
236820784
351087025
480038081
350709303
211406290
829466743
126495378
388025141
26915517
408517206
183682246
377117549
449216618
42500986
241918758
344722926
286948993
52607692
244751522
612566955
969765436
859775811
3343319
90123488
247845828
703234251
74161456
267836906
530091258
463050680
616381818
878906567
33669585
237806441
379495010
526954604
431877123
258260287
18522391
135607630
148223128
194648129
542816995
724238353
854001821
71817285
210162937
687520026
408057064
468549403
645740351
11
26031277
94625326
109030021
928675476
773157143
408121356
306358832
37332255
376244716
11742307
548014179
7683620
222784128
213001218
454496791
113517951
349218714
511306957
165852525
24096205
103199621
597572135
265619591
12529579
142293021
620534610
738596474
418408232
34799198
1229443
57002680
368303099
525607178
146930213
336646560
472407190
184413822
132479206
150227326
476194038
75501947
717075376
78284060
11
11
11
11
11
11
11
11
11
11339954
452888691
461285118
599516733
42050795
94766752
65510824
714509801
215583774
709724526
70393704
12009628
568862343
688706634
125928811
249908318
218227576
439544895
693537094
277907602
392262961
977744256
372044864
94866052
647960073
671230036
71361737
671852608
1056392131
900179926
154689279
178960093
342268438
141613584
425000817
698080199
133981449
121984049
724295812
258421736
225662093
610480678
46056826
573157606
542545639
66026630
264854110
270663996
48972546
217498978
228530205
207730312
154416948
280991218
37519053
523708027
137433374
583276222
703514786
523795
212920644
173444476
112108048
396318510
978686838
632796333
548288209
568380146
1503629
181943811
120335090
135592292
122026772
352389577
630411794
598708874
49792533
783725203
49347321
236001736
868518894
258250883
320623354
70843460
16412037
106024028
147014956
586049130
567397065
259349143
11
11
149972672
1024047760
104373580
718345829
195381649
869536333
680166175
495603135
289978155
245301737
64909638
834511
128862014
393819962
198730740
723878321
255014383
163015715
84580764
125877398
24403635
528553054
802778624
670360226
632532516
370230426
429463332
48657615
341344322
40796835
284891346
379427871
303724221
57842022
207980727
520280682
646438457
868543727
669588060
765001263
589067570
467586670
592194349
411125417
212974206
469250003
536916364
111840823
282376411
106568089
522738013
30826070
473967901
12368705
6656269
144081826
509644561
115966673
69727199
541696474
475030466
194588905
401304655
417314857
639925459
24157186
808770128
639370139
301836144
646659732
365703815
485689792
597565818
346986234
300123967
225253373
191092297
72659294
535126198
169860161
168798323
399339566
496321971
772627080
98621791
357422631
111277099
149128891
301999693
758556747
888803277
42072988
87307054
301252108
286160898
298319538
776952684
258036824
145197079
460996398
352713525
220561722
382664290
823832590
468023000
12126177
78622716
13991362
76979680
547115880
344439666
264666515
58535641
272566477
439438741
388797444
194064364
506650382
337967781
76012937
517867594
11
88429898
95947984
236622066
471288196
479243193
664033967
159967879
689331084
323090421
266508509
157175928
392843550
652624475
35890504
558271257
48929539
504977677
280563877
473844730
802069488
115706816
167320251
467836403
545243510
5617590
143062046
552155962
596783113
957451934
30919279
102191022
567308028
132586285
704058655
490538527
332360574
670282978
108661298
649017516
165310895
210317267
352703866
1037048425
970604941
478420122
231051327
85624233
23542363
119508079
202864293
191668731
252899083
138144
396542166
317839374
922184457
150978609
287088853
72467666
284992226
146482701
874999
344985043
354727869
810414366
616892592
281968038
98853383
135813498
412903951
35748100
236407793
869455487
80550861
242118185
32781113
361606020
47065816
402091235
290635268
683856930
32593348
110427651
586496120
148550930
476449212
151509282
140261302
382616025
1294293
396793564
52375088
277532327
271033890
100967865
251900220
174090565
159737869
9954567
9954567
9954567
9954567
9954567
9954567
9954567
9954567
9954567
9954567
9954567
9954567
9954567
9954567
9954567
9954567
132015317
82417786
361684458
149678992
147757956
42176589
12432046
470288352
739746983
555374270
358424878
52873454
581317880
778903928
823025577
388910761
141301766
697033610
40411961
11
890326559
333927817
42797654
257673931
87163298
89678953
791222450
11
11
11
11
11
11
708331783
305943380
157743429
90298648
124125934
500238514
205418161
840350791
22434897
238277540
368354211
441780712
308465266
194696682
417055443
66978465
243293304
186353619
289480290
71830324
875085661
884472452
525850282
508043127
759170633
112251464
1002202000
908086180
163624343
77919959
408929747
279434665
345119222
466919123
463547842
398588894
85669735
84359652
130042338
724788136
695416157
234087416
366246509
101715595
434241067
297565315
159610138
549260845
115305220
464767454
328712601
317667411
118583291
27268494
191304980
173417758
447657981
390686034
148830609
88272863
782672110
426968613
237372777
56512878
4671345
39730547
419117400
418344405
362468126
224476227
444846160
130253958
372953704
135778215
